2396
1586
2850
3490
517
2070
4214
3235
1077
494
4089
4166
3160
3474
2434
3034
1635
3356
1387
1436
28
3483
3331
3851
2754
4004
3606
3021
1877
633
2042
139
2665
1803
2649
3840
175
1407
1511
2880
3290
677
3784
2616
3670
1769
518
1632
2854
776
209
3398
715
441
1021
232
2243
2559
3760
3803
185
2671
3136
2640
3745
1679
146
352
2634
2787
2797
1729
1821
3157
3677
1158
2381
2767
3910
3399
2508
2064
4055
3192
178
2501
2175
3822
235
1603
1911
3797
1527
4006
957
2524
645
2533
3887
2404
1998
3824
698
2868
2242
3518
3860
1116
970
3009
1318
1114
1293
1901
3592
2225
3723
580
1071
1379
2733
3924
2625
1212
672
2775
4178
374
1683
3391
2549
801
1292
473
330
675
1937
2940
4118
3749
3616
2089
1443
1905
1765
2112
1239
4122
2888
3800
2899
1290
239
3475
4097
3392
583
1254
380
2937
4046
1807
3076
1861
737
807
2340
289
4114
585
3995
489
2348
3909
1070
1838
2752
2268
3987
979
55
3591
3716
2569
2471
2806
3054
2495
1281
3143
566
1719
785
617
1869
112
4110
281
2997
854
4169
1707
1917
808
92
2272
1928
1233
989
1041
519
1672
3583
3711
2247
3582
1305
3509
3501
3808
2027
246
1264
2584
282
299
861
2605
3289
1355
456
3388
1578
314
2597
3297
1659
1890
2744
4197
16
3952
3615
3766
3005
3717
4187
1099
2613
3699
315
1431
876
1574
567
4184
2943
2068
1774
1128
1843
4024
1778
1667
3113
2106
3079
1124
992
292
2819
3493
3374
2207
4000
753
3770
3118
109
1984
3405
3154
4079
752
3126
3517
2799
2484
2834
1656
1845
1895
3179
2092
1677
2692
288
1249
3472
1057
3515
968
1851
973
1609
2139
855
3865
3147
3994
404
3195
947
1109
30
3352
1312
1160
557
1098
845
4192
3232
3380
1474
3978
206
42
170
2012
2516
243
760
491
143
3206
1261
3310
838
2604
1894
3132
751
709
4171
447
2546
1576
1002
2898
1891
2129
2461
2221
1196
381
924
1657
3407
3199
2541
3607
4056
1681
479
2687
1652
540
3476
918
1781
2884
3922
3205
3271
3410
681
2044
1501
3966
3287
3669
1976
3317
2149
1068
2866
1651
2307
1079
4217
2020
9
3441
1649
889
2274
2547
176
616
3417
2181
2833
1945
2939
2424
2865
1500
2925
3589
2700
1503
1019
1108
2832
310
1359
389
1279
1342
3321
1314
