3766
11895
12592
16588
15373
3494
15166
16959
5497
7334
17897
4717
2607
19096
18323
1072
18891
10219
14806
17723
13012
17971
4590
15246
16942
3510
19195
10555
3769
9434
6966
7107
10246
362
4785
2295
17697
810
11296
14852
9081
10149
19094
17252
11731
7316
12132
13860
2298
13194
18825
11005
17584
6526
2529
483
9281
16291
13782
7462
16712
12567
3298
12993
7976
15157
9047
2952
12972
5252
191
11706
15460
14038
14160
8692
2268
11514
17926
15026
11784
16854
15418
6312
14539
2402
19429
5474
12369
13805
12168
15301
15297
8085
760
2580
13067
18036
9880
11819
15483
14531
17172
11886
4584
546
7739
6522
18994
2851
2226
6218
10015
2446
8214
6030
2401
17613
9831
19298
4014
2665
11497
19680
19488
16874
124
15365
18762
2865
16935
5552
3533
8608
10514
7933
12815
13851
19355
3273
4120
2112
11158
11219
3878
10506
15632
17272
1797
19324
4163
16926
16621
8429
2050
6049
1290
12721
3339
6842
6933
18398
15553
11051
15938
2211
2123
674
9361
19038
16974
2821
12217
2196
15363
13469
16793
18368
3123
14127
2031
9083
652
14697
17491
11345
2055
14895
3979
285
2778
1933
13983
2886
9386
18507
14089
16114
6248
14661
2870
7262
4587
1613
10566
13605
6074
13357
15154
12092
18731
136
7674
12545
5921
9274
10118
15962
2844
1788
17237
15586
12938
17856
43
13882
984
5283
11092
14814
2293
1520
3782
2918
11954
16575
1236
6489
9666
18849
16127
6999
10961
7191
6566
13861
13170
10576
14687
17386
5102
4277
11683
13028
11097
19382
1687
14162
19540
3037
6385
13338
17045
15672
8222
12855
11159
8979
19039
19243
8068
10688
8846
16323
3950
1769
4457
9470
4243
10394
19407
1604
17160
8955
18378
1146
17140
18614
18895
3054
16951
8459
10290
15839
8053
9859
16970
9183
5722
19348
6428
15988
13078
5197
6619
6420
8565
14715
7360
14475
381
13104
6161
15286
5323
5625
6037
14020
12777
2988
7265
7527
3487
11291
18210
3547
17416
2003
10753
9852
18312
7071
7620
9942
13825
4287
7438
5126
2254
16158
19135
7241
7401
15096
18453
3603
4422
8891
6601
12438
2076
164
1295
11529
13549
16421
2341
12676
2592
12678
5565
14320
6763
18411
7832
9576
11820
3637
15396
4034
15928
16454
17630
9323
5903
9605
8093
4550
18421
9254
16933
8077
12753
4763
7985
18539
15936
17364
3493
13259
5310
1224
1339
14688
18387
14832
13645
18474
1305
10244
1697
14102
8234
10214
10532
5273
11566
18714
17763
11600
12640
10020
17352
6648
11796
5027
7724
11944
11755
12477
4244
18860
6868
4966
15327
13668
9377
4922
19015
6430
17231
8659
7913
2652
14030
14875
4304
19013
16930
16277
2569
16816
13779
4710
3914
4675
11787
19424
14009
11251
13492
8991
7900
10658
4622
13310
1490
15318
8781
341
11475
17152
3059
7716
8427
11485
3718
8998
10508
9585
10053
16875
19251
9730
13486
6702
16687
7466
6713
4648
4103
14403
17622
1140
8755
17374
4066
1405
3321
12934
18400
1779
3253
10895
13197
16866
992
18715
10175
4352
5960
19602
11868
14453
10205
17833
15395
10036
15492
11411
10404
1539
17461
17031
8149
18987
10729
7049
12351
17715
14990
18144
5441
1127
16984
2126
2029
16317
19709
6175
3588
17535
18490
15079
11486
5213
12911
15710
8005
15428
9180
15092
7779
7789
13119
11186
893
5008
19381
6846
9562
4022
851
599
18141
11195
16430
13201
13156
16110
8250
508
8321
18761
2089
14482
19005
12624
367
10607
889
3297
13489
7126
1151
3526
14046
8386
14019
15115
15816
315
4727
12728
14287
15443
767
11822
17175
6774
10976
5476
3790
3085
18581
1046
18073
13187
3965
7122
7468
672
2156
10608
9932
16269
11840
18452
1442
829
19321
3275
7391
9748
8613
1942
5336
8934
8067
14662
5080
9188
746
4687
19554
360
10080
5878
12021
3836
14392
2784
7992
10018
1780
7557
11018
15663
19328
13294
7842
34
2288
8485
14683
18801
2327
13727
12713
4742
13539
10630
16209
16464
6679
17915
15029
17219
6156
726
16405
16872
10096
14607
11200
7461
2595
18369
19302
4782
6411
19657
14276
14249
19486
3149
3605
7221
12443
18571
8344
6458
3873
16973
14007
9724
11007
6818
19683
1609
4663
10380
7164
7441
9219
16225
9267
12316
19074
4516
983
6660
1679
10932
8413
7742
10408
4601
6776
5748
8764
3656
14363
11360
13778
2109
5817
7705
2878
1984
6607
4019
11457
4605
7896
4823
14780
17285
1487
12933
14872
7658
14900
3309
3955
17361
6678
19379
5704
14146
866
17061
11422
6291
15125
19431
9915
3684
10798
10858
19524
2001
9902
6871
8311
516
12344
14319
13473
10806
4
12121
14446
3691
2571
13337
4402
14764
2970
2922
15989
8636
17909
2955
19405
12696
8467
18625
10124
5699
14987
1719
6686
2420
18377
4812
7730
15005
9770
5627
7776
14135
78
13666
14483
1078
16494
13519
3943
15524
17801
12711
16040
19713
4150
534
7928
17762
19446
3611
824
13281
12712
6393
1705
9592
4572
11760
18388
18438
5064
6311
11923
184
17618
19536
14117
1202
4281
11453
1798
12809
2443
3608
12383
5052
1522
3529
15510
3592
14718
5739
6083
14805
6010
14095
3944
16652
11910
12628
8665
19145
16154
7952
7226
19473
764
13613
8708
16864
18
15016
5793
11899
4250
7001
11647
3659
2859
19397
7487
12026
3780
6186
11905
15690
16463
5619
6599
2495
8069
12611
9707
14290
11871
5291
7601
2623
11012
10796
12080
12666
13598
3102
6875
4551
18667
2429
5521
16238
13151
11980
9581
13498
17187
6913
5233
15749
7737
5715
13856
6759
13978
2509
16796
18505
14173
19366
215
2719
15985
17453
17093
13765
7555
7623
12489
14910
16606
490
8877
905
12532
2759
11789
2731
7276
16252
15978
11157
12680
9148
2122
12858
3644
7052
12241
7893
4319
3265
15447
1833
527
7469
11146
14405
19255
1477
19190
4431
11430
1211
12512
9891
12366
2636
15762
9486
4528
405
613
9225
17688
9137
9084
1853
14652
1108
915
8589
13902
18963
815
5151
2508
782
2462
7356
19377
15559
14424
4265
18745
8996
8887
8170
14674
2053
17439
11106
1548
18187
18072
15224
2234
19517
5613
15334
18254
12974
11888
8648
7458
5912
10650
9368
8339
7787
5333
9189
13218
15178
7533
8150
940
6326
15646
8205
1126
4374
16132
5334
1996
6465
415
897
14955
11838
11761
3665
19715
7063
4391
4142
14457
10083
9385
12783
2853
11463
12785
13409
15974
7258
12671
19095
8761
13081
4490
11544
15617
7529
6613
10989
8312
17106
10638
18920
15925
15098
2789
14966
12320
7195
10444
9767
7156
10052
15321
11102
14484
19084
6527
3832
15131
4850
9654
9727
11023
2648
230
11065
4501
17304
5772
8681
1395
15850
14090
16182
17335
12541
5181
16924
3365
4256
19545
3607
263
11129
11876
14246
13001
6289
6337
15025
6322
17668
13442
17365
16130
19071
7794
15495
6512
6557
5523
13588
7200
10372
6099
4768
1379
10993
14709
3830
15867
13946
18202
19385
4678
8802
6600
3444
2043
10094
15382
13040
10840
13405
16218
11747
11737
9330
15090
1633
15691
5841
6719
14149
18823
3575
4732
9097
6612
2015
1455
4124
18125
9753
6775
4333
12216
13562
9762
14107
19659
17768
3700
9066
14707
16594
5423
17945
15528
15305
10347
4274
9173
8224
2399
8835
10121
3207
15612
4201
12326
1145
13483
16507
14835
12876
1661
16520
3618
9221
16041
1636
11596
387
8725
14945
9461
6616
12302
5097
19194
4979
18591
6796
6611
10542
9014
15454
7566
2468
19014
730
5700
6671
5506
1111
19705
3614
1523
16074
16121
2616
627
14649
2002
5673
3941
17221
1701
7528
3564
10252
17571
15380
2315
10384
51
7303
3388
2564
10181
15021
3803
3703
13199
12265
10598
8054
10010
18981
7293
10940
13118
4131
15469
10185
15650
13314
4885
8743
13905
12356
18618
16423
4320
11526
16177
7772
15757
1708
3395
4685
10225
2779
15185
5591
17218
11205
787
12755
13179
9045
1362
5974
13025
2588
7342
10711
12757
7575
3787
4904
9951
14418
12542
11193
735
10761
3096
6182
15957
11488
12695
2308
5947
12169
17525
12944
3327
5457
17561
10782
2646
18262
15581
19684
6439
3751
9426
12314
7093
6938
18345
16357
16715
17118
16965
15133
2450
15240
11079
6003
365
6379
18096
17988
19413
18886
18791
15054
14396
1266
16860
13736
10930
284
7189
4386
15736
8533
9414
13257
5290
456
8487
8799
17018
397
9569
1484
10886
18986
17799
10789
5983
13499
17907
7283
1410
5459
17947
731
19193
1341
8831
3680
8121
10172
17824
823
15102
13176
7299
17809
2469
2079
10091
12020
6926
488
4365
18031
9974
11478
1156
4721
3999
6974
2909
5184
48
13875
5100
16011
5306
15712
17489
9032
6584
13706
9322
16544
5240
16053
3125
15429
16258
15486
3004
8769
19181
9186
7403
9745
13253
14924
4300
11308
9419
15623
11270
10343
11946
4242
7974
13256
9970
16778
7362
16589
6683
5099
11464
14922
16567
15345
8552
2980
10642
12595
8822
18051
17022
10358
10125
5101
3024
3513
11635
6941
12885
5567
14325
10565
13577
10970
12267
10827
12239
2169
5401
17900
8502
18741
15202
17091
16470
18809
3779
5049
7149
87
6583
17893
18528
14399
14665
5321
12890
3301
9578
7132
15088
14920
566
6374
14878
11549
7632
15504
12922
11373
18544
2908
17777
5122
18155
15516
9190
3824
18331
13335
980
11480
17717
10696
12497
1832
8747
13488
12198
9103
1055
3932
17025
968
1803
11504
2704
624
540
13615
16632
17517
5264
12468
938
15249
4724
1053
7930
13907
15527
12203
9508
3023
9823
18098
13247
2990
13404
14825
2370
15376
6903
3709
1058
8584
14739
946
962
8464
3299
15480
664
5450
19685
18016
878
9717
17394
11047
5612
11985
2183
5916
1349
12150
16184
1355
14300
13811
7454
5078
4764
6231
325
5433
15913
13340
6341
8237
17300
7043
3777
16285
17993
15457
1084
4484
15477
13660
16338
1806
3686
10117
4518
5473
8658
11214
16047
18434
17800
9287
3342
9618
2699
11916
7506
11558
17325
8780
7214
19430
16418
1963
11135
16888
16499
6847
17990
19412
3446
12105
4033
10338
9300
17507
3571
9860
13932
18669
17176
2898
11450
11831
11437
17641
14305
6628
1987
12670
13188
17293
13934
1663
2035
5050
715
4102
4944
16300
9600
12004
8011
15571
7395
16898
14225
17438
14273
5761
16523
4366
13282
1714
18197
9397
10621
18896
4282
18551
2321
8188
14015
581
5853
7708
2252
2566
4398
13787
2805
667
1801
14342
15294
18399
15842
1070
4900
3056
17036
12720
19217
13207
6595
5823
4636
16473
10239
13421
15056
1188
13551
6483
1972
12360
12202
10981
17356
14176
1920
17115
1361
12141
1370
14658
3511
10484
6867
7610
10496
8272
14898
5923
2159
2744
16994
15995
3115
10011
12337
4604
6250
9517
3008
5723
17653
17217
2032
15815
18178
10618
148
1709
9114
12483
4887
14625
4641
3503
19092
12288
4541
17185
16879
8350
1512
5452
12761
13165
17211
8141
4430
8724
7860
14409
6680
15885
13679
12101
8258
12204
4175
19111
382
12549
15701
7905
1036
17043
18983
3349
12926
15414
6721
2460
13360
11417
10645
3750
18251
4671
16069
16768
3319
13418
15484
17170
10425
8231
4654
13416
6664
12553
13627
190
12822
4399
3946
5914
6944
9759
8529
8854
19614
16485
19698
11678
17163
9168
17713
4860
7714
4930
17969
2133
2231
1222
1960
4222
6347
13195
1789
18655
11030
15080
7500
13090
499
6777
13262
9994
1004
8340
19275
1734
9420
2358
13945
3699
12596
9070
3058
3044
3150
18664
544
17180
4437
15941
16034
15113
11806
12191
10917
15786
10735
6495
15505
17245
18592
13100
8657
521
11225
6134
1011
5133
19396
8398
9297
7901
5491
13465
13460
3026
19353
1184
1271
11145
1301
7338
5745
13822
5224
10969
4053
18735
12116
785
4938
6555
15899
2920
7767
6065
7944
13276
13859
12688
15998
19342
11189
6227
8970
2935
4345
2189
3975
14044
15961
13315
6448
18773
17119
12258
7915
2643
18996
697
17281
13951
13367
11793
10445
1066
12838
1384
13437
10631
1104
3089
15693
