34
332
1559
1685
1732
617
2686
483
2990
77
2933
554
756
2
1636
739
2533
2029
1134
1635
1772
1181
620
1956
2047
302
1044
1721
1135
1197
2169
661
1301
2140
100
564
2645
1834
2244
1904
2180
538
242
1602
2558
2118
1117
1917
2717
2349
1653
776
874
970
1812
301
2685
2309
2771
1457
2767
1939
2124
2788
2504
297
307
2567
2106
69
2823
1422
1553
2836
281
2301
2893
464
215
1133
1575
2691
2675
2566
1508
1196
1604
147
50
12
2564
2916
1259
1267
396
984
1405
2848
405
1239
1925
2958
768
52
836
2107
2741
2799
2384
2402
619
2817
2743
1947
374
2463
1360
2116
1327
24
2542
1707
1443
1631
1254
2110
370
128
1068
904
2983
2615
623
1725
893
401
1512
173
2815
856
2747
791
2332
2437
894
2506
1212
369
201
1324
1727
2559
2099
2279
1445
32
1379
298
2981
2086
1989
2226
1061
2286
1115
1916
1425
2892
1795
2025
3
366
1175
1149
1734
239
182
2450
308
656
1124
927
1093
2514
1528
803
2877
577
2331
2088
2052
444
1284
97
2652
2175
1499
2888
2787
1987
1143
2531
2638
845
1894
1238
2513
928
2818
1750
2382
10
691
527
432
2835
240
1108
1475
2069
514
1049
1120
823
2956
1493
2057
870
94
2414
4
67
1758
2549
830
2629
1551
1371
725
773
1974
916
1347
1169
1130
1938
2606
770
974
1549
1618
2322
2158
76
2950
1466
1451
1539
734
275
1878
2890
2220
2672
2254
2711
2037
2931
2157
1007
965
2447
2733
108
1127
2161
2982
353
2182
2810
885
1029
2727
134
2213
1844
1086
541
1294
130
840
2595
21
433
1541
2586
257
2919
